V 54
K 1
D 0 -254000 2540000 0
Y 1
U 2159000 762000 254000 0 2 3 REFDES=IC?
U 2159000 508000 254000 0 2 3 DEVICE=AS312
U 2159000 254000 254000 0 2 0 PKG_TYPE=AS312
U 2159000 0 254000 0 2 0 Description=Through Hole Sensor and Detector Interfaces RoHS
U 2159000 -254000 254000 0 2 0 Datasheet Link=https://www.lcsc.com/product-detail/C90465.html
U 2159000 -508000 254000 0 2 0 Height=4.4
U 2159000 -762000 254000 0 2 0 Manufacturer_Name=Senba Optoelectronic
U 2159000 -1016000 254000 0 2 0 Manufacturer_Part_Number=AS312
U 2159000 -1270000 254000 0 2 0 Mouser Part Number=
U 2159000 -1524000 254000 0 2 0 Mouser Price/Stock=
U 2159000 -1778000 254000 0 2 0 Arrow Part Number=
U 2159000 -2032000 254000 0 2 0 Arrow Price/Stock=
U 0 0 254000 0 1 0 FORWARD_PCB=1
l 5 508000 254000 2032000 254000 2032000 -508000 508000 -508000 508000 254000
|GRPHSTL -1 -1 -1 1
P 1 2540000 0 2032000 0 0 3 0
L 1955800 0 228600 0 8 0 1 0 VDD
A 2184400 50800 203200 0 3 3 #=1
A 0 0 9 0 3 0 PINTYPE=BI
P 2 0 0 508000 0 0 2 0
L 584200 0 228600 0 2 0 1 0 REL
A 355600 50800 203200 0 9 3 #=2
A 0 0 9 0 3 0 PINTYPE=BI
P 3 2540000 -254000 2032000 -254000 0 3 0
L 1955800 -254000 228600 0 8 0 1 0 VSS
A 2184400 -203200 203200 0 3 3 #=3
A 0 0 9 0 3 0 PINTYPE=BI
E
