V 54
K 1
D 0 -2032000 3556000 0
Y 1
U 3175000 762000 254000 0 2 3 REFDES=J?
U 3175000 508000 254000 0 2 3 DEVICE=TP4056
U 3175000 254000 254000 0 2 0 PKG_TYPE=SOIC127P600X175-9N
U 3175000 0 254000 0 2 0 Description=1A Standalone Linear Li-lon Battery Charger, SOP-8
U 3175000 -254000 254000 0 2 0 Datasheet Link=https://dlnmh9ip6v2uc.cloudfront.net/datasheets/Prototyping/TP4056.pdf
U 3175000 -508000 254000 0 2 0 Height=1.75
U 3175000 -762000 254000 0 2 0 Manufacturer_Name=NanJing Top Power
U 3175000 -1016000 254000 0 2 0 Manufacturer_Part_Number=TP4056
U 3175000 -1270000 254000 0 2 0 Mouser Part Number=
U 3175000 -1524000 254000 0 2 0 Mouser Price/Stock=
U 3175000 -1778000 254000 0 2 0 Arrow Part Number=
U 3175000 -2032000 254000 0 2 0 Arrow Price/Stock=
U 0 0 254000 0 1 0 FORWARD_PCB=1
l 5 508000 254000 3048000 254000 3048000 -1524000 508000 -1524000 508000 254000
|GRPHSTL -1 -1 -1 1
P 1 0 0 508000 0 0 2 0
L 584200 0 228600 0 2 0 1 0 TEMP1
A 355600 50800 203200 0 9 3 #=1
A 0 0 9 0 3 0 PINTYPE=BI
P 2 0 -254000 508000 -254000 0 2 0
L 584200 -254000 228600 0 2 0 1 0 PROG2
A 355600 -203200 203200 0 9 3 #=2
A 0 0 9 0 3 0 PINTYPE=BI
P 3 0 -508000 508000 -508000 0 2 0
L 584200 -508000 228600 0 2 0 1 0 GND_3
A 355600 -457200 203200 0 9 3 #=3
A 0 0 9 0 3 0 PINTYPE=BI
P 4 0 -762000 508000 -762000 0 2 0
L 584200 -762000 228600 0 2 0 1 0 VCC4
A 355600 -711200 203200 0 9 3 #=4
A 0 0 9 0 3 0 PINTYPE=BI
P 5 1778000 -2032000 1778000 -1524000 0 1 0
L 1778000 -1447800 228600 1 2 0 1 0 EP
A 1727200 -1676400 203200 1 9 3 #=9
A 0 0 9 0 3 0 PINTYPE=BI
P 6 3556000 0 3048000 0 0 3 0
L 2971800 0 228600 0 8 0 1 0 CE
A 3200400 50800 203200 0 3 3 #=8
A 0 0 9 0 3 0 PINTYPE=BI
P 7 3556000 -254000 3048000 -254000 0 3 0
L 2971800 -254000 228600 0 8 0 1 0 ~CHRG
A 3200400 -203200 203200 0 3 3 #=7
A 0 0 9 0 3 0 PINTYPE=BI
P 8 3556000 -508000 3048000 -508000 0 3 0
L 2971800 -508000 228600 0 8 0 1 0 ~STDBY
A 3200400 -457200 203200 0 3 3 #=6
A 0 0 9 0 3 0 PINTYPE=BI
P 9 3556000 -762000 3048000 -762000 0 3 0
L 2971800 -762000 228600 0 8 0 1 0 BAT
A 3200400 -711200 203200 0 3 3 #=5
A 0 0 9 0 3 0 PINTYPE=BI
E
