V 54
K 1
D 0 -9652000 4572000 0
Y 1
U 4191000 762000 254000 0 2 3 REFDES=IC?
U 4191000 508000 254000 0 2 3 DEVICE=SIM7080G
U 4191000 254000 254000 0 2 0 PKG_TYPE=SIM7080G
U 4191000 0 254000 0 2 0 Description=SIM7080G is Multi-Band CAT-M and NB-IoT module solution in a SMT type .
U 4191000 -254000 254000 0 2 0 Datasheet Link=https://www.waveshare.com/w/upload/e/e7/SIM7080G_Hardware_Design_V1.03.pdf
U 4191000 -508000 254000 0 2 0 Height=2.6
U 4191000 -762000 254000 0 2 0 Manufacturer_Name=SIMCOM
U 4191000 -1016000 254000 0 2 0 Manufacturer_Part_Number=SIM7080G
U 4191000 -1270000 254000 0 2 0 Mouser Part Number=
U 4191000 -1524000 254000 0 2 0 Mouser Price/Stock=
U 4191000 -1778000 254000 0 2 0 Arrow Part Number=
U 4191000 -2032000 254000 0 2 0 Arrow Price/Stock=
U 0 0 254000 0 1 0 FORWARD_PCB=1
l 5 508000 254000 4064000 254000 4064000 -9906000 508000 -9906000 508000 254000
|GRPHSTL -1 -1 -1 1
P 1 0 0 508000 0 0 2 0
L 584200 0 228600 0 2 0 1 0 UART1_TXD
A 355600 50800 203200 0 9 3 #=1
A 0 0 9 0 3 0 PINTYPE=BI
P 2 0 -254000 508000 -254000 0 2 0
L 584200 -254000 228600 0 2 0 1 0 UART1_RXD
A 355600 -203200 203200 0 9 3 #=2
A 0 0 9 0 3 0 PINTYPE=BI
P 3 0 -508000 508000 -508000 0 2 0
L 584200 -508000 228600 0 2 0 1 0 UART1_RTS
A 355600 -457200 203200 0 9 3 #=3
A 0 0 9 0 3 0 PINTYPE=BI
P 4 0 -762000 508000 -762000 0 2 0
L 584200 -762000 228600 0 2 0 1 0 UART1_CTS
A 355600 -711200 203200 0 9 3 #=4
A 0 0 9 0 3 0 PINTYPE=BI
P 5 0 -1016000 508000 -1016000 0 2 0
L 584200 -1016000 228600 0 2 0 1 0 UART1_DCD
A 355600 -965200 203200 0 9 3 #=5
A 0 0 9 0 3 0 PINTYPE=BI
P 6 0 -1270000 508000 -1270000 0 2 0
L 584200 -1270000 228600 0 2 0 1 0 UART1_DTR
A 355600 -1219200 203200 0 9 3 #=6
A 0 0 9 0 3 0 PINTYPE=BI
P 7 0 -1524000 508000 -1524000 0 2 0
L 584200 -1524000 228600 0 2 0 1 0 UART1_RI
A 355600 -1473200 203200 0 9 3 #=7
A 0 0 9 0 3 0 PINTYPE=BI
P 8 0 -1778000 508000 -1778000 0 2 0
L 584200 -1778000 228600 0 2 0 1 0 GND_1
A 355600 -1727200 203200 0 9 3 #=8
A 0 0 9 0 3 0 PINTYPE=BI
P 9 0 -2032000 508000 -2032000 0 2 0
L 584200 -2032000 228600 0 2 0 1 0 PCM_DIN
A 355600 -1981200 203200 0 9 3 #=9
A 0 0 9 0 3 0 PINTYPE=BI
P 10 0 -2286000 508000 -2286000 0 2 0
L 584200 -2286000 228600 0 2 0 1 0 PCM_DOUT
A 355600 -2235200 203200 0 9 3 #=10
A 0 0 9 0 3 0 PINTYPE=BI
P 11 0 -2540000 508000 -2540000 0 2 0
L 584200 -2540000 228600 0 2 0 1 0 PCM_CLK
A 355600 -2489200 203200 0 9 3 #=11
A 0 0 9 0 3 0 PINTYPE=BI
P 12 0 -2794000 508000 -2794000 0 2 0
L 584200 -2794000 228600 0 2 0 1 0 PCM_SYNC
A 355600 -2743200 203200 0 9 3 #=12
A 0 0 9 0 3 0 PINTYPE=BI
P 13 0 -3048000 508000 -3048000 0 2 0
L 584200 -3048000 228600 0 2 0 1 0 GND_2
A 355600 -2997200 203200 0 9 3 #=13
A 0 0 9 0 3 0 PINTYPE=BI
P 14 0 -3302000 508000 -3302000 0 2 0
L 584200 -3302000 228600 0 2 0 1 0 GPIO5
A 355600 -3251200 203200 0 9 3 #=14
A 0 0 9 0 3 0 PINTYPE=BI
P 15 0 -3556000 508000 -3556000 0 2 0
L 584200 -3556000 228600 0 2 0 1 0 SIM_DATA
A 355600 -3505200 203200 0 9 3 #=15
A 0 0 9 0 3 0 PINTYPE=BI
P 16 0 -3810000 508000 -3810000 0 2 0
L 584200 -3810000 228600 0 2 0 1 0 SIM_CLK
A 355600 -3759200 203200 0 9 3 #=16
A 0 0 9 0 3 0 PINTYPE=BI
P 17 0 -4064000 508000 -4064000 0 2 0
L 584200 -4064000 228600 0 2 0 1 0 SIM_RST
A 355600 -4013200 203200 0 9 3 #=17
A 0 0 9 0 3 0 PINTYPE=BI
P 18 0 -4318000 508000 -4318000 0 2 0
L 584200 -4318000 228600 0 2 0 1 0 SIM_VDD
A 355600 -4267200 203200 0 9 3 #=18
A 0 0 9 0 3 0 PINTYPE=BI
P 19 0 -4572000 508000 -4572000 0 2 0
L 584200 -4572000 228600 0 2 0 1 0 GND_3
A 355600 -4521200 203200 0 9 3 #=19
A 0 0 9 0 3 0 PINTYPE=BI
P 20 0 -4826000 508000 -4826000 0 2 0
L 584200 -4826000 228600 0 2 0 1 0 ~USB_BOOT
A 355600 -4775200 203200 0 9 3 #=20
A 0 0 9 0 3 0 PINTYPE=BI
P 21 0 -5080000 508000 -5080000 0 2 0
L 584200 -5080000 228600 0 2 0 1 0 GND_4
A 355600 -5029200 203200 0 9 3 #=21
A 0 0 9 0 3 0 PINTYPE=BI
P 22 0 -5334000 508000 -5334000 0 2 0
L 584200 -5334000 228600 0 2 0 1 0 UART2_TXD
A 355600 -5283200 203200 0 9 3 #=22
A 0 0 9 0 3 0 PINTYPE=BI
P 23 0 -5588000 508000 -5588000 0 2 0
L 584200 -5588000 228600 0 2 0 1 0 UART2_RXD
A 355600 -5537200 203200 0 9 3 #=23
A 0 0 9 0 3 0 PINTYPE=BI
P 24 0 -5842000 508000 -5842000 0 2 0
L 584200 -5842000 228600 0 2 0 1 0 USB_VBUS
A 355600 -5791200 203200 0 9 3 #=24
A 0 0 9 0 3 0 PINTYPE=BI
P 25 0 -6096000 508000 -6096000 0 2 0
L 584200 -6096000 228600 0 2 0 1 0 USB_DP
A 355600 -6045200 203200 0 9 3 #=25
A 0 0 9 0 3 0 PINTYPE=BI
P 26 0 -6350000 508000 -6350000 0 2 0
L 584200 -6350000 228600 0 2 0 1 0 USB_DM
A 355600 -6299200 203200 0 9 3 #=26
A 0 0 9 0 3 0 PINTYPE=BI
P 27 0 -6604000 508000 -6604000 0 2 0
L 584200 -6604000 228600 0 2 0 1 0 GND_5
A 355600 -6553200 203200 0 9 3 #=27
A 0 0 9 0 3 0 PINTYPE=BI
P 28 0 -6858000 508000 -6858000 0 2 0
L 584200 -6858000 228600 0 2 0 1 0 NC_1
A 355600 -6807200 203200 0 9 3 #=28
A 0 0 9 0 3 0 PINTYPE=BI
P 29 0 -7112000 508000 -7112000 0 2 0
L 584200 -7112000 228600 0 2 0 1 0 NC_2
A 355600 -7061200 203200 0 9 3 #=29
A 0 0 9 0 3 0 PINTYPE=BI
P 30 0 -7366000 508000 -7366000 0 2 0
L 584200 -7366000 228600 0 2 0 1 0 GND_6
A 355600 -7315200 203200 0 9 3 #=30
A 0 0 9 0 3 0 PINTYPE=BI
P 31 0 -7620000 508000 -7620000 0 2 0
L 584200 -7620000 228600 0 2 0 1 0 GND_7
A 355600 -7569200 203200 0 9 3 #=31
A 0 0 9 0 3 0 PINTYPE=BI
P 32 0 -7874000 508000 -7874000 0 2 0
L 584200 -7874000 228600 0 2 0 1 0 RF_ANT
A 355600 -7823200 203200 0 9 3 #=32
A 0 0 9 0 3 0 PINTYPE=BI
P 33 0 -8128000 508000 -8128000 0 2 0
L 584200 -8128000 228600 0 2 0 1 0 GND_8
A 355600 -8077200 203200 0 9 3 #=33
A 0 0 9 0 3 0 PINTYPE=BI
P 34 0 -8382000 508000 -8382000 0 2 0
L 584200 -8382000 228600 0 2 0 1 0 VBAT_1
A 355600 -8331200 203200 0 9 3 #=34
A 0 0 9 0 3 0 PINTYPE=BI
P 35 0 -8636000 508000 -8636000 0 2 0
L 584200 -8636000 228600 0 2 0 1 0 VBAT_2
A 355600 -8585200 203200 0 9 3 #=35
A 0 0 9 0 3 0 PINTYPE=BI
P 36 0 -8890000 508000 -8890000 0 2 0
L 584200 -8890000 228600 0 2 0 1 0 GND_9
A 355600 -8839200 203200 0 9 3 #=36
A 0 0 9 0 3 0 PINTYPE=BI
P 37 0 -9144000 508000 -9144000 0 2 0
L 584200 -9144000 228600 0 2 0 1 0 GND_10
A 355600 -9093200 203200 0 9 3 #=37
A 0 0 9 0 3 0 PINTYPE=BI
P 38 0 -9398000 508000 -9398000 0 2 0
L 584200 -9398000 228600 0 2 0 1 0 ADC
A 355600 -9347200 203200 0 9 3 #=38
A 0 0 9 0 3 0 PINTYPE=BI
P 39 0 -9652000 508000 -9652000 0 2 0
L 584200 -9652000 228600 0 2 0 1 0 PWRKEY
A 355600 -9601200 203200 0 9 3 #=39
A 0 0 9 0 3 0 PINTYPE=BI
P 40 4572000 0 4064000 0 0 3 0
L 3987800 0 228600 0 8 0 1 0 VDD_EXT
A 4216400 50800 203200 0 3 3 #=40
A 0 0 9 0 3 0 PINTYPE=BI
P 41 4572000 -254000 4064000 -254000 0 3 0
L 3987800 -254000 228600 0 8 0 1 0 NETLIGHT
A 4216400 -203200 203200 0 3 3 #=41
A 0 0 9 0 3 0 PINTYPE=BI
P 42 4572000 -508000 4064000 -508000 0 3 0
L 3987800 -508000 228600 0 8 0 1 0 STATUS
A 4216400 -457200 203200 0 3 3 #=42
A 0 0 9 0 3 0 PINTYPE=BI
P 43 4572000 -762000 4064000 -762000 0 3 0
L 3987800 -762000 228600 0 8 0 1 0 ANT_CONTROL1
A 4216400 -711200 203200 0 3 3 #=43
A 0 0 9 0 3 0 PINTYPE=BI
P 44 4572000 -1016000 4064000 -1016000 0 3 0
L 3987800 -1016000 228600 0 8 0 1 0 ANT_CONTROL0
A 4216400 -965200 203200 0 3 3 #=44
A 0 0 9 0 3 0 PINTYPE=BI
P 45 4572000 -1270000 4064000 -1270000 0 3 0
L 3987800 -1270000 228600 0 8 0 1 0 GND_11
A 4216400 -1219200 203200 0 3 3 #=45
A 0 0 9 0 3 0 PINTYPE=BI
P 46 4572000 -1524000 4064000 -1524000 0 3 0
L 3987800 -1524000 228600 0 8 0 1 0 NC_3
A 4216400 -1473200 203200 0 3 3 #=46
A 0 0 9 0 3 0 PINTYPE=BI
P 47 4572000 -1778000 4064000 -1778000 0 3 0
L 3987800 -1778000 228600 0 8 0 1 0 NC_4
A 4216400 -1727200 203200 0 3 3 #=47
A 0 0 9 0 3 0 PINTYPE=BI
P 48 4572000 -2032000 4064000 -2032000 0 3 0
L 3987800 -2032000 228600 0 8 0 1 0 SPI_CS
A 4216400 -1981200 203200 0 3 3 #=48
A 0 0 9 0 3 0 PINTYPE=BI
P 49 4572000 -2286000 4064000 -2286000 0 3 0
L 3987800 -2286000 228600 0 8 0 1 0 ~SPI_MOSI
A 4216400 -2235200 203200 0 3 3 #=49
A 0 0 9 0 3 0 PINTYPE=BI
P 50 4572000 -2540000 4064000 -2540000 0 3 0
L 3987800 -2540000 228600 0 8 0 1 0 SPI_CLK
A 4216400 -2489200 203200 0 3 3 #=50
A 0 0 9 0 3 0 PINTYPE=BI
P 51 4572000 -2794000 4064000 -2794000 0 3 0
L 3987800 -2794000 228600 0 8 0 1 0 SPI_MISO
A 4216400 -2743200 203200 0 3 3 #=51
A 0 0 9 0 3 0 PINTYPE=BI
P 52 4572000 -3048000 4064000 -3048000 0 3 0
L 3987800 -3048000 228600 0 8 0 1 0 NC_5
A 4216400 -2997200 203200 0 3 3 #=52
A 0 0 9 0 3 0 PINTYPE=BI
P 53 4572000 -3302000 4064000 -3302000 0 3 0
L 3987800 -3302000 228600 0 8 0 1 0 NC_6
A 4216400 -3251200 203200 0 3 3 #=53
A 0 0 9 0 3 0 PINTYPE=BI
P 54 4572000 -3556000 4064000 -3556000 0 3 0
L 3987800 -3556000 228600 0 8 0 1 0 NC_7
A 4216400 -3505200 203200 0 3 3 #=54
A 0 0 9 0 3 0 PINTYPE=BI
P 55 4572000 -3810000 4064000 -3810000 0 3 0
L 3987800 -3810000 228600 0 8 0 1 0 NC_8
A 4216400 -3759200 203200 0 3 3 #=55
A 0 0 9 0 3 0 PINTYPE=BI
P 56 4572000 -4064000 4064000 -4064000 0 3 0
L 3987800 -4064000 228600 0 8 0 1 0 NC_9
A 4216400 -4013200 203200 0 3 3 #=56
A 0 0 9 0 3 0 PINTYPE=BI
P 57 4572000 -4318000 4064000 -4318000 0 3 0
L 3987800 -4318000 228600 0 8 0 1 0 GPIO1
A 4216400 -4267200 203200 0 3 3 #=57
A 0 0 9 0 3 0 PINTYPE=BI
P 58 4572000 -4572000 4064000 -4572000 0 3 0
L 3987800 -4572000 228600 0 8 0 1 0 GPIO2
A 4216400 -4521200 203200 0 3 3 #=58
A 0 0 9 0 3 0 PINTYPE=BI
P 59 4572000 -4826000 4064000 -4826000 0 3 0
L 3987800 -4826000 228600 0 8 0 1 0 GPIO3
A 4216400 -4775200 203200 0 3 3 #=59
A 0 0 9 0 3 0 PINTYPE=BI
P 60 4572000 -5080000 4064000 -5080000 0 3 0
L 3987800 -5080000 228600 0 8 0 1 0 GPIO4
A 4216400 -5029200 203200 0 3 3 #=60
A 0 0 9 0 3 0 PINTYPE=BI
P 61 4572000 -5334000 4064000 -5334000 0 3 0
L 3987800 -5334000 228600 0 8 0 1 0 UART3_TXD
A 4216400 -5283200 203200 0 3 3 #=61
A 0 0 9 0 3 0 PINTYPE=BI
P 62 4572000 -5588000 4064000 -5588000 0 3 0
L 3987800 -5588000 228600 0 8 0 1 0 UART3_RXD
A 4216400 -5537200 203200 0 3 3 #=62
A 0 0 9 0 3 0 PINTYPE=BI
P 63 4572000 -5842000 4064000 -5842000 0 3 0
L 3987800 -5842000 228600 0 8 0 1 0 GND_12
A 4216400 -5791200 203200 0 3 3 #=63
A 0 0 9 0 3 0 PINTYPE=BI
P 64 4572000 -6096000 4064000 -6096000 0 3 0
L 3987800 -6096000 228600 0 8 0 1 0 I2C_SDA
A 4216400 -6045200 203200 0 3 3 #=64
A 0 0 9 0 3 0 PINTYPE=BI
P 65 4572000 -6350000 4064000 -6350000 0 3 0
L 3987800 -6350000 228600 0 8 0 1 0 I2C_SCL
A 4216400 -6299200 203200 0 3 3 #=65
A 0 0 9 0 3 0 PINTYPE=BI
P 66 4572000 -6604000 4064000 -6604000 0 3 0
L 3987800 -6604000 228600 0 8 0 1 0 GND_13
A 4216400 -6553200 203200 0 3 3 #=66
A 0 0 9 0 3 0 PINTYPE=BI
P 67 4572000 -6858000 4064000 -6858000 0 3 0
L 3987800 -6858000 228600 0 8 0 1 0 GND_14
A 4216400 -6807200 203200 0 3 3 #=67
A 0 0 9 0 3 0 PINTYPE=BI
P 68 4572000 -7112000 4064000 -7112000 0 3 0
L 3987800 -7112000 228600 0 8 0 1 0 GNSS_ANT
A 4216400 -7061200 203200 0 3 3 #=68
A 0 0 9 0 3 0 PINTYPE=BI
P 69 4572000 -7366000 4064000 -7366000 0 3 0
L 3987800 -7366000 228600 0 8 0 1 0 GND_15
A 4216400 -7315200 203200 0 3 3 #=69
A 0 0 9 0 3 0 PINTYPE=BI
P 70 4572000 -7620000 4064000 -7620000 0 3 0
L 3987800 -7620000 228600 0 8 0 1 0 GND_16
A 4216400 -7569200 203200 0 3 3 #=70
A 0 0 9 0 3 0 PINTYPE=BI
P 71 4572000 -7874000 4064000 -7874000 0 3 0
L 3987800 -7874000 228600 0 8 0 1 0 GND_17
A 4216400 -7823200 203200 0 3 3 #=71
A 0 0 9 0 3 0 PINTYPE=BI
P 72 4572000 -8128000 4064000 -8128000 0 3 0
L 3987800 -8128000 228600 0 8 0 1 0 GND_18
A 4216400 -8077200 203200 0 3 3 #=72
A 0 0 9 0 3 0 PINTYPE=BI
P 73 4572000 -8382000 4064000 -8382000 0 3 0
L 3987800 -8382000 228600 0 8 0 1 0 GND_19
A 4216400 -8331200 203200 0 3 3 #=73
A 0 0 9 0 3 0 PINTYPE=BI
P 74 4572000 -8636000 4064000 -8636000 0 3 0
L 3987800 -8636000 228600 0 8 0 1 0 GND_20
A 4216400 -8585200 203200 0 3 3 #=74
A 0 0 9 0 3 0 PINTYPE=BI
P 75 4572000 -8890000 4064000 -8890000 0 3 0
L 3987800 -8890000 228600 0 8 0 1 0 GND_21
A 4216400 -8839200 203200 0 3 3 #=75
A 0 0 9 0 3 0 PINTYPE=BI
P 76 4572000 -9144000 4064000 -9144000 0 3 0
L 3987800 -9144000 228600 0 8 0 1 0 GND_22
A 4216400 -9093200 203200 0 3 3 #=76
A 0 0 9 0 3 0 PINTYPE=BI
P 77 4572000 -9398000 4064000 -9398000 0 3 0
L 3987800 -9398000 228600 0 8 0 1 0 GND_23
A 4216400 -9347200 203200 0 3 3 #=77
A 0 0 9 0 3 0 PINTYPE=BI
E
