V 54
K 1
D 0 -17018000 4572000 0
Y 1
U 4191000 762000 254000 0 2 3 REFDES=IC?
U 4191000 508000 254000 0 2 3 DEVICE=SIM7600G-H_R2
U 4191000 254000 254000 0 2 0 PKG_TYPE=SIM7600GHR2
U 4191000 0 254000 0 2 0 Description=Cellular EDGE, GPRS, GSM, HSPA+, LTE Transceiver Module 850MHz, 900MHz, 1.8GHz, 1.9GHz Antenna Not Included Surface Mount
U 4191000 -254000 254000 0 2 0 Datasheet Link=https://fcc.report/FCC-ID/2AJYU-8PYA007/4857209.pdf
U 4191000 -508000 254000 0 2 0 Height=3.1
U 4191000 -762000 254000 0 2 0 Manufacturer_Name=SIMCOM
U 4191000 -1016000 254000 0 2 0 Manufacturer_Part_Number=SIM7600G-H R2
U 4191000 -1270000 254000 0 2 0 Mouser Part Number=
U 4191000 -1524000 254000 0 2 0 Mouser Price/Stock=
U 4191000 -1778000 254000 0 2 0 Arrow Part Number=
U 4191000 -2032000 254000 0 2 0 Arrow Price/Stock=
U 0 0 254000 0 1 0 FORWARD_PCB=1
l 5 508000 254000 4064000 254000 4064000 -17272000 508000 -17272000 508000 254000
|GRPHSTL -1 -1 -1 1
P 1 0 0 508000 0 0 2 0
L 584200 0 228600 0 2 0 1 0 GND_1
A 355600 50800 203200 0 9 3 #=1
A 0 0 9 0 3 0 PINTYPE=BI
P 2 0 -254000 508000 -254000 0 2 0
L 584200 -254000 228600 0 2 0 1 0 GND_2
A 355600 -203200 203200 0 9 3 #=2
A 0 0 9 0 3 0 PINTYPE=BI
P 3 0 -508000 508000 -508000 0 2 0
L 584200 -508000 228600 0 2 0 1 0 PWRKEY
A 355600 -457200 203200 0 9 3 #=3
A 0 0 9 0 3 0 PINTYPE=BI
P 4 0 -762000 508000 -762000 0 2 0
L 584200 -762000 228600 0 2 0 1 0 RESET
A 355600 -711200 203200 0 9 3 #=4
A 0 0 9 0 3 0 PINTYPE=BI
P 5 0 -1016000 508000 -1016000 0 2 0
L 584200 -1016000 228600 0 2 0 1 0 GND_3
A 355600 -965200 203200 0 9 3 #=5
A 0 0 9 0 3 0 PINTYPE=BI
P 6 0 -1270000 508000 -1270000 0 2 0
L 584200 -1270000 228600 0 2 0 1 0 SPI_CLK
A 355600 -1219200 203200 0 9 3 #=6
A 0 0 9 0 3 0 PINTYPE=BI
P 7 0 -1524000 508000 -1524000 0 2 0
L 584200 -1524000 228600 0 2 0 1 0 SPI_MISO
A 355600 -1473200 203200 0 9 3 #=7
A 0 0 9 0 3 0 PINTYPE=BI
P 8 0 -1778000 508000 -1778000 0 2 0
L 584200 -1778000 228600 0 2 0 1 0 SPI_MOSI
A 355600 -1727200 203200 0 9 3 #=8
A 0 0 9 0 3 0 PINTYPE=BI
P 9 0 -2032000 508000 -2032000 0 2 0
L 584200 -2032000 228600 0 2 0 1 0 SPI_CS
A 355600 -1981200 203200 0 9 3 #=9
A 0 0 9 0 3 0 PINTYPE=BI
P 10 0 -2286000 508000 -2286000 0 2 0
L 584200 -2286000 228600 0 2 0 1 0 GND_4
A 355600 -2235200 203200 0 9 3 #=10
A 0 0 9 0 3 0 PINTYPE=BI
P 11 0 -2540000 508000 -2540000 0 2 0
L 584200 -2540000 228600 0 2 0 1 0 USB_VBUS
A 355600 -2489200 203200 0 9 3 #=11
A 0 0 9 0 3 0 PINTYPE=BI
P 12 0 -2794000 508000 -2794000 0 2 0
L 584200 -2794000 228600 0 2 0 1 0 USB_DN
A 355600 -2743200 203200 0 9 3 #=12
A 0 0 9 0 3 0 PINTYPE=BI
P 13 0 -3048000 508000 -3048000 0 2 0
L 584200 -3048000 228600 0 2 0 1 0 USB_DP
A 355600 -2997200 203200 0 9 3 #=13
A 0 0 9 0 3 0 PINTYPE=BI
P 14 0 -3302000 508000 -3302000 0 2 0
L 584200 -3302000 228600 0 2 0 1 0 GND_5
A 355600 -3251200 203200 0 9 3 #=14
A 0 0 9 0 3 0 PINTYPE=BI
P 15 0 -3556000 508000 -3556000 0 2 0
L 584200 -3556000 228600 0 2 0 1 0 VDD_1V8
A 355600 -3505200 203200 0 9 3 #=15
A 0 0 9 0 3 0 PINTYPE=BI
P 16 0 -3810000 508000 -3810000 0 2 0
L 584200 -3810000 228600 0 2 0 1 0 USB_ID
A 355600 -3759200 203200 0 9 3 #=16
A 0 0 9 0 3 0 PINTYPE=BI
P 17 0 -4064000 508000 -4064000 0 2 0
L 584200 -4064000 228600 0 2 0 1 0 USIM_DATA
A 355600 -4013200 203200 0 9 3 #=17
A 0 0 9 0 3 0 PINTYPE=BI
P 18 0 -4318000 508000 -4318000 0 2 0
L 584200 -4318000 228600 0 2 0 1 0 USIM_RST
A 355600 -4267200 203200 0 9 3 #=18
A 0 0 9 0 3 0 PINTYPE=BI
P 19 0 -4572000 508000 -4572000 0 2 0
L 584200 -4572000 228600 0 2 0 1 0 USIM_CLK
A 355600 -4521200 203200 0 9 3 #=19
A 0 0 9 0 3 0 PINTYPE=BI
P 20 0 -4826000 508000 -4826000 0 2 0
L 584200 -4826000 228600 0 2 0 1 0 USIM_VDD
A 355600 -4775200 203200 0 9 3 #=20
A 0 0 9 0 3 0 PINTYPE=BI
P 21 0 -5080000 508000 -5080000 0 2 0
L 584200 -5080000 228600 0 2 0 1 0 SD_CMD
A 355600 -5029200 203200 0 9 3 #=21
A 0 0 9 0 3 0 PINTYPE=BI
P 22 0 -5334000 508000 -5334000 0 2 0
L 584200 -5334000 228600 0 2 0 1 0 SD_DATA0
A 355600 -5283200 203200 0 9 3 #=22
A 0 0 9 0 3 0 PINTYPE=BI
P 23 0 -5588000 508000 -5588000 0 2 0
L 584200 -5588000 228600 0 2 0 1 0 SD_DATA1
A 355600 -5537200 203200 0 9 3 #=23
A 0 0 9 0 3 0 PINTYPE=BI
P 24 0 -5842000 508000 -5842000 0 2 0
L 584200 -5842000 228600 0 2 0 1 0 SD_DATA2
A 355600 -5791200 203200 0 9 3 #=24
A 0 0 9 0 3 0 PINTYPE=BI
P 25 0 -6096000 508000 -6096000 0 2 0
L 584200 -6096000 228600 0 2 0 1 0 SD_DATA3
A 355600 -6045200 203200 0 9 3 #=25
A 0 0 9 0 3 0 PINTYPE=BI
P 26 0 -6350000 508000 -6350000 0 2 0
L 584200 -6350000 228600 0 2 0 1 0 SD_CLK
A 355600 -6299200 203200 0 9 3 #=26
A 0 0 9 0 3 0 PINTYPE=BI
P 27 0 -6604000 508000 -6604000 0 2 0
L 584200 -6604000 228600 0 2 0 1 0 SDIO_DATA1
A 355600 -6553200 203200 0 9 3 #=27
A 0 0 9 0 3 0 PINTYPE=BI
P 28 0 -6858000 508000 -6858000 0 2 0
L 584200 -6858000 228600 0 2 0 1 0 SDIO_DATA2
A 355600 -6807200 203200 0 9 3 #=28
A 0 0 9 0 3 0 PINTYPE=BI
P 29 0 -7112000 508000 -7112000 0 2 0
L 584200 -7112000 228600 0 2 0 1 0 SDIO_CMD
A 355600 -7061200 203200 0 9 3 #=29
A 0 0 9 0 3 0 PINTYPE=BI
P 30 0 -7366000 508000 -7366000 0 2 0
L 584200 -7366000 228600 0 2 0 1 0 SDIO_DATA0
A 355600 -7315200 203200 0 9 3 #=30
A 0 0 9 0 3 0 PINTYPE=BI
P 31 0 -7620000 508000 -7620000 0 2 0
L 584200 -7620000 228600 0 2 0 1 0 SDIO_DATA3
A 355600 -7569200 203200 0 9 3 #=31
A 0 0 9 0 3 0 PINTYPE=BI
P 32 0 -7874000 508000 -7874000 0 2 0
L 584200 -7874000 228600 0 2 0 1 0 SDIO_CLK
A 355600 -7823200 203200 0 9 3 #=32
A 0 0 9 0 3 0 PINTYPE=BI
P 33 0 -8128000 508000 -8128000 0 2 0
L 584200 -8128000 228600 0 2 0 1 0 GPIO3
A 355600 -8077200 203200 0 9 3 #=33
A 0 0 9 0 3 0 PINTYPE=BI
P 34 0 -8382000 508000 -8382000 0 2 0
L 584200 -8382000 228600 0 2 0 1 0 GPIO6
A 355600 -8331200 203200 0 9 3 #=34
A 0 0 9 0 3 0 PINTYPE=BI
P 35 0 -8636000 508000 -8636000 0 2 0
L 584200 -8636000 228600 0 2 0 1 0 HSIC_STROBE
A 355600 -8585200 203200 0 9 3 #=35
A 0 0 9 0 3 0 PINTYPE=BI
P 36 0 -8890000 508000 -8890000 0 2 0
L 584200 -8890000 228600 0 2 0 1 0 HSIC_DATA
A 355600 -8839200 203200 0 9 3 #=36
A 0 0 9 0 3 0 PINTYPE=BI
P 37 0 -9144000 508000 -9144000 0 2 0
L 584200 -9144000 228600 0 2 0 1 0 GND_6
A 355600 -9093200 203200 0 9 3 #=37
A 0 0 9 0 3 0 PINTYPE=BI
P 38 0 -9398000 508000 -9398000 0 2 0
L 584200 -9398000 228600 0 2 0 1 0 VBAT_1
A 355600 -9347200 203200 0 9 3 #=38
A 0 0 9 0 3 0 PINTYPE=BI
P 39 0 -9652000 508000 -9652000 0 2 0
L 584200 -9652000 228600 0 2 0 1 0 VBAT_2
A 355600 -9601200 203200 0 9 3 #=39
A 0 0 9 0 3 0 PINTYPE=BI
P 40 0 -9906000 508000 -9906000 0 2 0
L 584200 -9906000 228600 0 2 0 1 0 GND_7
A 355600 -9855200 203200 0 9 3 #=40
A 0 0 9 0 3 0 PINTYPE=BI
P 41 0 -10160000 508000 -10160000 0 2 0
L 584200 -10160000 228600 0 2 0 1 0 GND_8
A 355600 -10109200 203200 0 9 3 #=41
A 0 0 9 0 3 0 PINTYPE=BI
P 42 0 -10414000 508000 -10414000 0 2 0
L 584200 -10414000 228600 0 2 0 1 0 DBG_TXD
A 355600 -10363200 203200 0 9 3 #=42
A 0 0 9 0 3 0 PINTYPE=BI
P 43 0 -10668000 508000 -10668000 0 2 0
L 584200 -10668000 228600 0 2 0 1 0 GND_9
A 355600 -10617200 203200 0 9 3 #=43
A 0 0 9 0 3 0 PINTYPE=BI
P 44 0 -10922000 508000 -10922000 0 2 0
L 584200 -10922000 228600 0 2 0 1 0 VDD_AUX
A 355600 -10871200 203200 0 9 3 #=44
A 0 0 9 0 3 0 PINTYPE=BI
P 45 0 -11176000 508000 -11176000 0 2 0
L 584200 -11176000 228600 0 2 0 1 0 ISINK
A 355600 -11125200 203200 0 9 3 #=45
A 0 0 9 0 3 0 PINTYPE=BI
P 46 0 -11430000 508000 -11430000 0 2 0
L 584200 -11430000 228600 0 2 0 1 0 ADC2
A 355600 -11379200 203200 0 9 3 #=46
A 0 0 9 0 3 0 PINTYPE=BI
P 47 0 -11684000 508000 -11684000 0 2 0
L 584200 -11684000 228600 0 2 0 1 0 ADC1
A 355600 -11633200 203200 0 9 3 #=47
A 0 0 9 0 3 0 PINTYPE=BI
P 48 0 -11938000 508000 -11938000 0 2 0
L 584200 -11938000 228600 0 2 0 1 0 SD_DET
A 355600 -11887200 203200 0 9 3 #=48
A 0 0 9 0 3 0 PINTYPE=BI
P 49 0 -12192000 508000 -12192000 0 2 0
L 584200 -12192000 228600 0 2 0 1 0 STATUS
A 355600 -12141200 203200 0 9 3 #=49
A 0 0 9 0 3 0 PINTYPE=BI
P 50 0 -12446000 508000 -12446000 0 2 0
L 584200 -12446000 228600 0 2 0 1 0 GPIO43
A 355600 -12395200 203200 0 9 3 #=50
A 0 0 9 0 3 0 PINTYPE=BI
P 51 0 -12700000 508000 -12700000 0 2 0
L 584200 -12700000 228600 0 2 0 1 0 NETLIGHT
A 355600 -12649200 203200 0 9 3 #=51
A 0 0 9 0 3 0 PINTYPE=BI
P 52 0 -12954000 508000 -12954000 0 2 0
L 584200 -12954000 228600 0 2 0 1 0 GPIO41
A 355600 -12903200 203200 0 9 3 #=52
A 0 0 9 0 3 0 PINTYPE=BI
P 53 0 -13208000 508000 -13208000 0 2 0
L 584200 -13208000 228600 0 2 0 1 0 USIM_DET
A 355600 -13157200 203200 0 9 3 #=53
A 0 0 9 0 3 0 PINTYPE=BI
P 54 0 -13462000 508000 -13462000 0 2 0
L 584200 -13462000 228600 0 2 0 1 0 FLIGHTMODE
A 355600 -13411200 203200 0 9 3 #=54
A 0 0 9 0 3 0 PINTYPE=BI
P 55 0 -13716000 508000 -13716000 0 2 0
L 584200 -13716000 228600 0 2 0 1 0 SCL
A 355600 -13665200 203200 0 9 3 #=55
A 0 0 9 0 3 0 PINTYPE=BI
P 56 0 -13970000 508000 -13970000 0 2 0
L 584200 -13970000 228600 0 2 0 1 0 SDA
A 355600 -13919200 203200 0 9 3 #=56
A 0 0 9 0 3 0 PINTYPE=BI
P 57 0 -14224000 508000 -14224000 0 2 0
L 584200 -14224000 228600 0 2 0 1 0 GND_10
A 355600 -14173200 203200 0 9 3 #=57
A 0 0 9 0 3 0 PINTYPE=BI
P 58 0 -14478000 508000 -14478000 0 2 0
L 584200 -14478000 228600 0 2 0 1 0 GND_11
A 355600 -14427200 203200 0 9 3 #=58
A 0 0 9 0 3 0 PINTYPE=BI
P 59 0 -14732000 508000 -14732000 0 2 0
L 584200 -14732000 228600 0 2 0 1 0 AUX_ANT
A 355600 -14681200 203200 0 9 3 #=59
A 0 0 9 0 3 0 PINTYPE=BI
P 60 0 -14986000 508000 -14986000 0 2 0
L 584200 -14986000 228600 0 2 0 1 0 GND_12
A 355600 -14935200 203200 0 9 3 #=60
A 0 0 9 0 3 0 PINTYPE=BI
P 61 0 -15240000 508000 -15240000 0 2 0
L 584200 -15240000 228600 0 2 0 1 0 GND_13
A 355600 -15189200 203200 0 9 3 #=61
A 0 0 9 0 3 0 PINTYPE=BI
P 62 0 -15494000 508000 -15494000 0 2 0
L 584200 -15494000 228600 0 2 0 1 0 VBAT_3
A 355600 -15443200 203200 0 9 3 #=62
A 0 0 9 0 3 0 PINTYPE=BI
P 63 0 -15748000 508000 -15748000 0 2 0
L 584200 -15748000 228600 0 2 0 1 0 VBAT_4
A 355600 -15697200 203200 0 9 3 #=63
A 0 0 9 0 3 0 PINTYPE=BI
P 64 0 -16002000 508000 -16002000 0 2 0
L 584200 -16002000 228600 0 2 0 1 0 GND_14
A 355600 -15951200 203200 0 9 3 #=64
A 0 0 9 0 3 0 PINTYPE=BI
P 65 0 -16256000 508000 -16256000 0 2 0
L 584200 -16256000 228600 0 2 0 1 0 GND_15
A 355600 -16205200 203200 0 9 3 #=65
A 0 0 9 0 3 0 PINTYPE=BI
P 66 0 -16510000 508000 -16510000 0 2 0
L 584200 -16510000 228600 0 2 0 1 0 RTS
A 355600 -16459200 203200 0 9 3 #=66
A 0 0 9 0 3 0 PINTYPE=BI
P 67 0 -16764000 508000 -16764000 0 2 0
L 584200 -16764000 228600 0 2 0 1 0 CTS
A 355600 -16713200 203200 0 9 3 #=67
A 0 0 9 0 3 0 PINTYPE=BI
P 68 0 -17018000 508000 -17018000 0 2 0
L 584200 -17018000 228600 0 2 0 1 0 RXD
A 355600 -16967200 203200 0 9 3 #=68
A 0 0 9 0 3 0 PINTYPE=BI
P 69 4572000 0 4064000 0 0 3 0
L 3987800 0 228600 0 8 0 1 0 RI
A 4216400 50800 203200 0 3 3 #=69
A 0 0 9 0 3 0 PINTYPE=BI
P 70 4572000 -254000 4064000 -254000 0 3 0
L 3987800 -254000 228600 0 8 0 1 0 DCD
A 4216400 -203200 203200 0 3 3 #=70
A 0 0 9 0 3 0 PINTYPE=BI
P 71 4572000 -508000 4064000 -508000 0 3 0
L 3987800 -508000 228600 0 8 0 1 0 TXD
A 4216400 -457200 203200 0 3 3 #=71
A 0 0 9 0 3 0 PINTYPE=BI
P 72 4572000 -762000 4064000 -762000 0 3 0
L 3987800 -762000 228600 0 8 0 1 0 DTR
A 4216400 -711200 203200 0 3 3 #=72
A 0 0 9 0 3 0 PINTYPE=BI
P 73 4572000 -1016000 4064000 -1016000 0 3 0
L 3987800 -1016000 228600 0 8 0 1 0 PCM_OUT
A 4216400 -965200 203200 0 3 3 #=73
A 0 0 9 0 3 0 PINTYPE=BI
P 74 4572000 -1270000 4064000 -1270000 0 3 0
L 3987800 -1270000 228600 0 8 0 1 0 PCM_IN
A 4216400 -1219200 203200 0 3 3 #=74
A 0 0 9 0 3 0 PINTYPE=BI
P 75 4572000 -1524000 4064000 -1524000 0 3 0
L 3987800 -1524000 228600 0 8 0 1 0 PCM_SYNC
A 4216400 -1473200 203200 0 3 3 #=75
A 0 0 9 0 3 0 PINTYPE=BI
P 76 4572000 -1778000 4064000 -1778000 0 3 0
L 3987800 -1778000 228600 0 8 0 1 0 PCM_CLK
A 4216400 -1727200 203200 0 3 3 #=76
A 0 0 9 0 3 0 PINTYPE=BI
P 77 4572000 -2032000 4064000 -2032000 0 3 0
L 3987800 -2032000 228600 0 8 0 1 0 GND_16
A 4216400 -1981200 203200 0 3 3 #=77
A 0 0 9 0 3 0 PINTYPE=BI
P 78 4572000 -2286000 4064000 -2286000 0 3 0
L 3987800 -2286000 228600 0 8 0 1 0 GND_17
A 4216400 -2235200 203200 0 3 3 #=78
A 0 0 9 0 3 0 PINTYPE=BI
P 79 4572000 -2540000 4064000 -2540000 0 3 0
L 3987800 -2540000 228600 0 8 0 1 0 GNSS_ANT
A 4216400 -2489200 203200 0 3 3 #=79
A 0 0 9 0 3 0 PINTYPE=BI
P 80 4572000 -2794000 4064000 -2794000 0 3 0
L 3987800 -2794000 228600 0 8 0 1 0 GND_18
A 4216400 -2743200 203200 0 3 3 #=80
A 0 0 9 0 3 0 PINTYPE=BI
P 81 4572000 -3048000 4064000 -3048000 0 3 0
L 3987800 -3048000 228600 0 8 0 1 0 GND_19
A 4216400 -2997200 203200 0 3 3 #=81
A 0 0 9 0 3 0 PINTYPE=BI
P 82 4572000 -3302000 4064000 -3302000 0 3 0
L 3987800 -3302000 228600 0 8 0 1 0 MAIN_ANT
A 4216400 -3251200 203200 0 3 3 #=82
A 0 0 9 0 3 0 PINTYPE=BI
P 83 4572000 -3556000 4064000 -3556000 0 3 0
L 3987800 -3556000 228600 0 8 0 1 0 COEX1
A 4216400 -3505200 203200 0 3 3 #=83
A 0 0 9 0 3 0 PINTYPE=BI
P 84 4572000 -3810000 4064000 -3810000 0 3 0
L 3987800 -3810000 228600 0 8 0 1 0 COEX2
A 4216400 -3759200 203200 0 3 3 #=84
A 0 0 9 0 3 0 PINTYPE=BI
P 85 4572000 -4064000 4064000 -4064000 0 3 0
L 3987800 -4064000 228600 0 8 0 1 0 BOOT_CFG0
A 4216400 -4013200 203200 0 3 3 #=85
A 0 0 9 0 3 0 PINTYPE=BI
P 86 4572000 -4318000 4064000 -4318000 0 3 0
L 3987800 -4318000 228600 0 8 0 1 0 COEX3
A 4216400 -4267200 203200 0 3 3 #=86
A 0 0 9 0 3 0 PINTYPE=BI
P 87 4572000 -4572000 4064000 -4572000 0 3 0
L 3987800 -4572000 228600 0 8 0 1 0 GPIO77
A 4216400 -4521200 203200 0 3 3 #=87
A 0 0 9 0 3 0 PINTYPE=BI
P 88 4572000 -4826000 4064000 -4826000 0 3 0
L 3987800 -4826000 228600 0 8 0 1 0 RESERVED_1
A 4216400 -4775200 203200 0 3 3 #=88
A 0 0 9 0 3 0 PINTYPE=BI
P 89 4572000 -5080000 4064000 -5080000 0 3 0
L 3987800 -5080000 228600 0 8 0 1 0 RESERVED_2
A 4216400 -5029200 203200 0 3 3 #=89
A 0 0 9 0 3 0 PINTYPE=BI
P 90 4572000 -5334000 4064000 -5334000 0 3 0
L 3987800 -5334000 228600 0 8 0 1 0 RESERVED_3
A 4216400 -5283200 203200 0 3 3 #=90
A 0 0 9 0 3 0 PINTYPE=BI
P 91 4572000 -5588000 4064000 -5588000 0 3 0
L 3987800 -5588000 228600 0 8 0 1 0 RESERVED_4
A 4216400 -5537200 203200 0 3 3 #=91
A 0 0 9 0 3 0 PINTYPE=BI
P 92 4572000 -5842000 4064000 -5842000 0 3 0
L 3987800 -5842000 228600 0 8 0 1 0 RESERVED_5
A 4216400 -5791200 203200 0 3 3 #=92
A 0 0 9 0 3 0 PINTYPE=BI
P 93 4572000 -6096000 4064000 -6096000 0 3 0
L 3987800 -6096000 228600 0 8 0 1 0 GND_20
A 4216400 -6045200 203200 0 3 3 #=93
A 0 0 9 0 3 0 PINTYPE=BI
P 94 4572000 -6350000 4064000 -6350000 0 3 0
L 3987800 -6350000 228600 0 8 0 1 0 GPIO4
A 4216400 -6299200 203200 0 3 3 #=94
A 0 0 9 0 3 0 PINTYPE=BI
P 95 4572000 -6604000 4064000 -6604000 0 3 0
L 3987800 -6604000 228600 0 8 0 1 0 GPIO2
A 4216400 -6553200 203200 0 3 3 #=95
A 0 0 9 0 3 0 PINTYPE=BI
P 96 4572000 -6858000 4064000 -6858000 0 3 0
L 3987800 -6858000 228600 0 8 0 1 0 GPIO1
A 4216400 -6807200 203200 0 3 3 #=96
A 0 0 9 0 3 0 PINTYPE=BI
P 97 4572000 -7112000 4064000 -7112000 0 3 0
L 3987800 -7112000 228600 0 8 0 1 0 GPIO_54
A 4216400 -7061200 203200 0 3 3 #=97
A 0 0 9 0 3 0 PINTYPE=BI
P 98 4572000 -7366000 4064000 -7366000 0 3 0
L 3987800 -7366000 228600 0 8 0 1 0 GND_21
A 4216400 -7315200 203200 0 3 3 #=98
A 0 0 9 0 3 0 PINTYPE=BI
P 99 4572000 -7620000 4064000 -7620000 0 3 0
L 3987800 -7620000 228600 0 8 0 1 0 RESERVED_6
A 4216400 -7569200 203200 0 3 3 #=99
A 0 0 9 0 3 0 PINTYPE=BI
P 100 4572000 -7874000 4064000 -7874000 0 3 0
L 3987800 -7874000 228600 0 8 0 1 0 RESERVED_7
A 4216400 -7823200 203200 0 3 3 #=100
A 0 0 9 0 3 0 PINTYPE=BI
P 101 4572000 -8128000 4064000 -8128000 0 3 0
L 3987800 -8128000 228600 0 8 0 1 0 RESERVED_8
A 4216400 -8077200 203200 0 3 3 #=101
A 0 0 9 0 3 0 PINTYPE=BI
P 102 4572000 -8382000 4064000 -8382000 0 3 0
L 3987800 -8382000 228600 0 8 0 1 0 RESERVED_9
A 4216400 -8331200 203200 0 3 3 #=102
A 0 0 9 0 3 0 PINTYPE=BI
P 103 4572000 -8636000 4064000 -8636000 0 3 0
L 3987800 -8636000 228600 0 8 0 1 0 RESERVED_10
A 4216400 -8585200 203200 0 3 3 #=103
A 0 0 9 0 3 0 PINTYPE=BI
P 104 4572000 -8890000 4064000 -8890000 0 3 0
L 3987800 -8890000 228600 0 8 0 1 0 RESERVED_11
A 4216400 -8839200 203200 0 3 3 #=104
A 0 0 9 0 3 0 PINTYPE=BI
P 105 4572000 -9144000 4064000 -9144000 0 3 0
L 3987800 -9144000 228600 0 8 0 1 0 RESERVED_12
A 4216400 -9093200 203200 0 3 3 #=105
A 0 0 9 0 3 0 PINTYPE=BI
P 106 4572000 -9398000 4064000 -9398000 0 3 0
L 3987800 -9398000 228600 0 8 0 1 0 DBG_RXD
A 4216400 -9347200 203200 0 3 3 #=106
A 0 0 9 0 3 0 PINTYPE=BI
P 107 4572000 -9652000 4064000 -9652000 0 3 0
L 3987800 -9652000 228600 0 8 0 1 0 RESERVED_13
A 4216400 -9601200 203200 0 3 3 #=107
A 0 0 9 0 3 0 PINTYPE=BI
P 108 4572000 -9906000 4064000 -9906000 0 3 0
L 3987800 -9906000 228600 0 8 0 1 0 SGMII_RST_N
A 4216400 -9855200 203200 0 3 3 #=108
A 0 0 9 0 3 0 PINTYPE=BI
P 109 4572000 -10160000 4064000 -10160000 0 3 0
L 3987800 -10160000 228600 0 8 0 1 0 SGMII_INT_N
A 4216400 -10109200 203200 0 3 3 #=109
A 0 0 9 0 3 0 PINTYPE=BI
P 110 4572000 -10414000 4064000 -10414000 0 3 0
L 3987800 -10414000 228600 0 8 0 1 0 GND_22
A 4216400 -10363200 203200 0 3 3 #=110
A 0 0 9 0 3 0 PINTYPE=BI
P 111 4572000 -10668000 4064000 -10668000 0 3 0
L 3987800 -10668000 228600 0 8 0 1 0 RESERVED_14
A 4216400 -10617200 203200 0 3 3 #=111
A 0 0 9 0 3 0 PINTYPE=BI
P 112 4572000 -10922000 4064000 -10922000 0 3 0
L 3987800 -10922000 228600 0 8 0 1 0 SGMII_RX_P
A 4216400 -10871200 203200 0 3 3 #=112
A 0 0 9 0 3 0 PINTYPE=BI
P 113 4572000 -11176000 4064000 -11176000 0 3 0
L 3987800 -11176000 228600 0 8 0 1 0 SGMII_RX_M
A 4216400 -11125200 203200 0 3 3 #=113
A 0 0 9 0 3 0 PINTYPE=BI
P 114 4572000 -11430000 4064000 -11430000 0 3 0
L 3987800 -11430000 228600 0 8 0 1 0 SGMII_TX_M
A 4216400 -11379200 203200 0 3 3 #=114
A 0 0 9 0 3 0 PINTYPE=BI
P 115 4572000 -11684000 4064000 -11684000 0 3 0
L 3987800 -11684000 228600 0 8 0 1 0 SGMII_TX_P
A 4216400 -11633200 203200 0 3 3 #=115
A 0 0 9 0 3 0 PINTYPE=BI
P 116 4572000 -11938000 4064000 -11938000 0 3 0
L 3987800 -11938000 228600 0 8 0 1 0 SGMII_MDIO
A 4216400 -11887200 203200 0 3 3 #=116
A 0 0 9 0 3 0 PINTYPE=BI
P 117 4572000 -12192000 4064000 -12192000 0 3 0
L 3987800 -12192000 228600 0 8 0 1 0 SGMII_MDC
A 4216400 -12141200 203200 0 3 3 #=117
A 0 0 9 0 3 0 PINTYPE=BI
P 118 4572000 -12446000 4064000 -12446000 0 3 0
L 3987800 -12446000 228600 0 8 0 1 0 GND_23
A 4216400 -12395200 203200 0 3 3 #=118
A 0 0 9 0 3 0 PINTYPE=BI
P 119 4572000 -12700000 4064000 -12700000 0 3 0
L 3987800 -12700000 228600 0 8 0 1 0 GPIO_19
A 4216400 -12649200 203200 0 3 3 #=119
A 0 0 9 0 3 0 PINTYPE=BI
P 120 4572000 -12954000 4064000 -12954000 0 3 0
L 3987800 -12954000 228600 0 8 0 1 0 GND_24
A 4216400 -12903200 203200 0 3 3 #=120
A 0 0 9 0 3 0 PINTYPE=BI
P 121 4572000 -13208000 4064000 -13208000 0 3 0
L 3987800 -13208000 228600 0 8 0 1 0 GND_25
A 4216400 -13157200 203200 0 3 3 #=121
A 0 0 9 0 3 0 PINTYPE=BI
P 122 4572000 -13462000 4064000 -13462000 0 3 0
L 3987800 -13462000 228600 0 8 0 1 0 GND_26
A 4216400 -13411200 203200 0 3 3 #=122
A 0 0 9 0 3 0 PINTYPE=BI
P 123 4572000 -13716000 4064000 -13716000 0 3 0
L 3987800 -13716000 228600 0 8 0 1 0 GND_27
A 4216400 -13665200 203200 0 3 3 #=123
A 0 0 9 0 3 0 PINTYPE=BI
P 124 4572000 -13970000 4064000 -13970000 0 3 0
L 3987800 -13970000 228600 0 8 0 1 0 GND_28
A 4216400 -13919200 203200 0 3 3 #=124
A 0 0 9 0 3 0 PINTYPE=BI
P 125 4572000 -14224000 4064000 -14224000 0 3 0
L 3987800 -14224000 228600 0 8 0 1 0 GND_29
A 4216400 -14173200 203200 0 3 3 #=125
A 0 0 9 0 3 0 PINTYPE=BI
P 126 4572000 -14478000 4064000 -14478000 0 3 0
L 3987800 -14478000 228600 0 8 0 1 0 GND_30
A 4216400 -14427200 203200 0 3 3 #=126
A 0 0 9 0 3 0 PINTYPE=BI
P 127 4572000 -14732000 4064000 -14732000 0 3 0
L 3987800 -14732000 228600 0 8 0 1 0 GND_31
A 4216400 -14681200 203200 0 3 3 #=127
A 0 0 9 0 3 0 PINTYPE=BI
P 128 4572000 -14986000 4064000 -14986000 0 3 0
L 3987800 -14986000 228600 0 8 0 1 0 GND_32
A 4216400 -14935200 203200 0 3 3 #=128
A 0 0 9 0 3 0 PINTYPE=BI
P 129 4572000 -15240000 4064000 -15240000 0 3 0
L 3987800 -15240000 228600 0 8 0 1 0 GND_33
A 4216400 -15189200 203200 0 3 3 #=129
A 0 0 9 0 3 0 PINTYPE=BI
P 130 4572000 -15494000 4064000 -15494000 0 3 0
L 3987800 -15494000 228600 0 8 0 1 0 GND_34
A 4216400 -15443200 203200 0 3 3 #=130
A 0 0 9 0 3 0 PINTYPE=BI
P 131 4572000 -15748000 4064000 -15748000 0 3 0
L 3987800 -15748000 228600 0 8 0 1 0 GND_35
A 4216400 -15697200 203200 0 3 3 #=131
A 0 0 9 0 3 0 PINTYPE=BI
P 132 4572000 -16002000 4064000 -16002000 0 3 0
L 3987800 -16002000 228600 0 8 0 1 0 GND_36
A 4216400 -15951200 203200 0 3 3 #=132
A 0 0 9 0 3 0 PINTYPE=BI
P 133 4572000 -16256000 4064000 -16256000 0 3 0
L 3987800 -16256000 228600 0 8 0 1 0 GND_37
A 4216400 -16205200 203200 0 3 3 #=133
A 0 0 9 0 3 0 PINTYPE=BI
P 134 4572000 -16510000 4064000 -16510000 0 3 0
L 3987800 -16510000 228600 0 8 0 1 0 GND_38
A 4216400 -16459200 203200 0 3 3 #=134
A 0 0 9 0 3 0 PINTYPE=BI
P 135 4572000 -16764000 4064000 -16764000 0 3 0
L 3987800 -16764000 228600 0 8 0 1 0 GND_39
A 4216400 -16713200 203200 0 3 3 #=135
A 0 0 9 0 3 0 PINTYPE=BI
E
