V 54
K 1
D 0 -4826000 4064000 1778000
Y 1
U 3683000 1778000 254000 0 2 3 REFDES=IC?
U 3683000 1524000 254000 0 2 3 DEVICE=AXP2101
U 3683000 1270000 254000 0 2 0 PKG_TYPE=QFN40P500X500X80-41N-D
U 3683000 1016000 254000 0 2 0 Description=OEM/CM QUOTES ONLY | NO BROKERS
U 3683000 762000 254000 0 2 0 Datasheet Link=https://cdn-3a4dd4ab.ozdisan.com/ETicaret_Dosya/624955_173892.pdf
U 3683000 508000 254000 0 2 0 Height=0.8
U 3683000 254000 254000 0 2 0 Manufacturer_Name=Allwinner Technology
U 3683000 0 254000 0 2 0 Manufacturer_Part_Number=AXP2101
U 3683000 -254000 254000 0 2 0 Mouser Part Number=
U 3683000 -508000 254000 0 2 0 Mouser Price/Stock=
U 3683000 -762000 254000 0 2 0 Arrow Part Number=
U 3683000 -1016000 254000 0 2 0 Arrow Price/Stock=
U 0 0 254000 0 1 0 FORWARD_PCB=1
l 5 508000 1270000 3556000 1270000 3556000 -4318000 508000 -4318000 508000 1270000
|GRPHSTL -1 -1 -1 1
P 1 0 0 508000 0 0 2 0
L 584200 0 228600 0 2 0 1 0 CHGLED
A 355600 50800 203200 0 9 3 #=1
A 0 0 9 0 3 0 PINTYPE=BI
P 2 0 -254000 508000 -254000 0 2 0
L 584200 -254000 228600 0 2 0 1 0 VREF
A 355600 -203200 203200 0 9 3 #=2
A 0 0 9 0 3 0 PINTYPE=BI
P 3 0 -508000 508000 -508000 0 2 0
L 584200 -508000 228600 0 2 0 1 0 GND_1
A 355600 -457200 203200 0 9 3 #=3
A 0 0 9 0 3 0 PINTYPE=BI
P 4 0 -762000 508000 -762000 0 2 0
L 584200 -762000 228600 0 2 0 1 0 FB3
A 355600 -711200 203200 0 9 3 #=4
A 0 0 9 0 3 0 PINTYPE=BI
P 5 0 -1016000 508000 -1016000 0 2 0
L 584200 -1016000 228600 0 2 0 1 0 LX3
A 355600 -965200 203200 0 9 3 #=5
A 0 0 9 0 3 0 PINTYPE=BI
P 6 0 -1270000 508000 -1270000 0 2 0
L 584200 -1270000 228600 0 2 0 1 0 VIN3
A 355600 -1219200 203200 0 9 3 #=6
A 0 0 9 0 3 0 PINTYPE=BI
P 7 0 -1524000 508000 -1524000 0 2 0
L 584200 -1524000 228600 0 2 0 1 0 VIN4
A 355600 -1473200 203200 0 9 3 #=7
A 0 0 9 0 3 0 PINTYPE=BI
P 8 0 -1778000 508000 -1778000 0 2 0
L 584200 -1778000 228600 0 2 0 1 0 LX4
A 355600 -1727200 203200 0 9 3 #=8
A 0 0 9 0 3 0 PINTYPE=BI
P 9 0 -2032000 508000 -2032000 0 2 0
L 584200 -2032000 228600 0 2 0 1 0 FB4
A 355600 -1981200 203200 0 9 3 #=9
A 0 0 9 0 3 0 PINTYPE=BI
P 10 0 -2286000 508000 -2286000 0 2 0
L 584200 -2286000 228600 0 2 0 1 0 CPUSLDO
A 355600 -2235200 203200 0 9 3 #=10
A 0 0 9 0 3 0 PINTYPE=BI
P 11 762000 -4826000 762000 -4318000 0 1 0
L 762000 -4241800 228600 1 2 0 1 0 DLDO2/DC4SW
A 711200 -4470400 203200 1 9 3 #=11
A 0 0 9 0 3 0 PINTYPE=BI
P 12 1016000 -4826000 1016000 -4318000 0 1 0
L 1016000 -4241800 228600 1 2 0 1 0 BLDO1
A 965200 -4470400 203200 1 9 3 #=12
A 0 0 9 0 3 0 PINTYPE=BI
P 13 1270000 -4826000 1270000 -4318000 0 1 0
L 1270000 -4241800 228600 1 2 0 1 0 BLDOIN
A 1219200 -4470400 203200 1 9 3 #=13
A 0 0 9 0 3 0 PINTYPE=BI
P 14 1524000 -4826000 1524000 -4318000 0 1 0
L 1524000 -4241800 228600 1 2 0 1 0 BLDO2
A 1473200 -4470400 203200 1 9 3 #=14
A 0 0 9 0 3 0 PINTYPE=BI
P 15 1778000 -4826000 1778000 -4318000 0 1 0
L 1778000 -4241800 228600 1 2 0 1 0 ALDO4
A 1727200 -4470400 203200 1 9 3 #=15
A 0 0 9 0 3 0 PINTYPE=BI
P 16 2032000 -4826000 2032000 -4318000 0 1 0
L 2032000 -4241800 228600 1 2 0 1 0 ALDO3
A 1981200 -4470400 203200 1 9 3 #=16
A 0 0 9 0 3 0 PINTYPE=BI
P 17 2286000 -4826000 2286000 -4318000 0 1 0
L 2286000 -4241800 228600 1 2 0 1 0 ALDOIN
A 2235200 -4470400 203200 1 9 3 #=17
A 0 0 9 0 3 0 PINTYPE=BI
P 18 2540000 -4826000 2540000 -4318000 0 1 0
L 2540000 -4241800 228600 1 2 0 1 0 ALDO1
A 2489200 -4470400 203200 1 9 3 #=18
A 0 0 9 0 3 0 PINTYPE=BI
P 19 2794000 -4826000 2794000 -4318000 0 1 0
L 2794000 -4241800 228600 1 2 0 1 0 ALDO2
A 2743200 -4470400 203200 1 9 3 #=19
A 0 0 9 0 3 0 PINTYPE=BI
P 20 3048000 -4826000 3048000 -4318000 0 1 0
L 3048000 -4241800 228600 1 2 0 1 0 DLDO1/DC1SW
A 2997200 -4470400 203200 1 9 3 #=20
A 0 0 9 0 3 0 PINTYPE=BI
P 21 4064000 0 3556000 0 0 3 0
L 3479800 0 228600 0 8 0 1 0 PWRON
A 3708400 50800 203200 0 3 3 #=30
A 0 0 9 0 3 0 PINTYPE=BI
P 22 4064000 -254000 3556000 -254000 0 3 0
L 3479800 -254000 228600 0 8 0 1 0 PWROK
A 3708400 -203200 203200 0 3 3 #=29
A 0 0 9 0 3 0 PINTYPE=BI
P 23 4064000 -508000 3556000 -508000 0 3 0
L 3479800 -508000 228600 0 8 0 1 0 VRTC
A 3708400 -457200 203200 0 3 3 #=28
A 0 0 9 0 3 0 PINTYPE=BI
P 24 4064000 -762000 3556000 -762000 0 3 0
L 3479800 -762000 228600 0 8 0 1 0 VBACKUP
A 3708400 -711200 203200 0 3 3 #=27
A 0 0 9 0 3 0 PINTYPE=BI
P 25 4064000 -1016000 3556000 -1016000 0 3 0
L 3479800 -1016000 228600 0 8 0 1 0 FB2
A 3708400 -965200 203200 0 3 3 #=26
A 0 0 9 0 3 0 PINTYPE=BI
P 26 4064000 -1270000 3556000 -1270000 0 3 0
L 3479800 -1270000 228600 0 8 0 1 0 LX2
A 3708400 -1219200 203200 0 3 3 #=25
A 0 0 9 0 3 0 PINTYPE=BI
P 27 4064000 -1524000 3556000 -1524000 0 3 0
L 3479800 -1524000 228600 0 8 0 1 0 VIN2
A 3708400 -1473200 203200 0 3 3 #=24
A 0 0 9 0 3 0 PINTYPE=BI
P 28 4064000 -1778000 3556000 -1778000 0 3 0
L 3479800 -1778000 228600 0 8 0 1 0 VIN1
A 3708400 -1727200 203200 0 3 3 #=23
A 0 0 9 0 3 0 PINTYPE=BI
P 29 4064000 -2032000 3556000 -2032000 0 3 0
L 3479800 -2032000 228600 0 8 0 1 0 LX1
A 3708400 -1981200 203200 0 3 3 #=22
A 0 0 9 0 3 0 PINTYPE=BI
P 30 4064000 -2286000 3556000 -2286000 0 3 0
L 3479800 -2286000 228600 0 8 0 1 0 FB1
A 3708400 -2235200 203200 0 3 3 #=21
A 0 0 9 0 3 0 PINTYPE=BI
P 31 762000 1778000 762000 1270000 0 0 0
L 762000 1193800 228600 1 8 0 1 0 GND_2
A 711200 1422400 203200 1 3 3 #=41
A 0 0 9 0 3 0 PINTYPE=BI
P 32 1016000 1778000 1016000 1270000 0 0 0
L 1016000 1193800 228600 1 8 0 1 0 SCK
A 965200 1422400 203200 1 3 3 #=40
A 0 0 9 0 3 0 PINTYPE=BI
P 33 1270000 1778000 1270000 1270000 0 0 0
L 1270000 1193800 228600 1 8 0 1 0 SDA
A 1219200 1422400 203200 1 3 3 #=39
A 0 0 9 0 3 0 PINTYPE=BI
P 34 1524000 1778000 1524000 1270000 0 0 0
L 1524000 1193800 228600 1 8 0 1 0 IRQ
A 1473200 1422400 203200 1 3 3 #=38
A 0 0 9 0 3 0 PINTYPE=BI
P 35 1778000 1778000 1778000 1270000 0 0 0
L 1778000 1193800 228600 1 8 0 1 0 VBUS
A 1727200 1422400 203200 1 3 3 #=37
A 0 0 9 0 3 0 PINTYPE=BI
P 36 2032000 1778000 2032000 1270000 0 0 0
L 2032000 1193800 228600 1 8 0 1 0 VMID
A 1981200 1422400 203200 1 3 3 #=36
A 0 0 9 0 3 0 PINTYPE=BI
P 37 2286000 1778000 2286000 1270000 0 0 0
L 2286000 1193800 228600 1 8 0 1 0 SW
A 2235200 1422400 203200 1 3 3 #=35
A 0 0 9 0 3 0 PINTYPE=BI
P 38 2540000 1778000 2540000 1270000 0 0 0
L 2540000 1193800 228600 1 8 0 1 0 VSYS
A 2489200 1422400 203200 1 3 3 #=34
A 0 0 9 0 3 0 PINTYPE=BI
P 39 2794000 1778000 2794000 1270000 0 0 0
L 2794000 1193800 228600 1 8 0 1 0 BAT
A 2743200 1422400 203200 1 3 3 #=33
A 0 0 9 0 3 0 PINTYPE=BI
P 40 3048000 1778000 3048000 1270000 0 0 0
L 3048000 1193800 228600 1 8 0 1 0 GPIO1
A 2997200 1422400 203200 1 3 3 #=32
A 0 0 9 0 3 0 PINTYPE=BI
P 41 3302000 1778000 3302000 1270000 0 0 0
L 3302000 1193800 228600 1 8 0 1 0 TS
A 3251200 1422400 203200 1 3 3 #=31
A 0 0 9 0 3 0 PINTYPE=BI
E
